Blue:
  LH0_W: -0.48371247449475985
  LH0_X: 0.46119323229819487
  LH0_Y: 0.531159793105773
  LH0_Z: 0.5207612876245045
  LH0_x: -0.7479400579196791
  LH0_y: -0.04123338985324554
  LH0_z: -2.087849627124843
P1:
  pos_get__x: 1.7043000845248035
  pos_get__y: 0.98950327763926
  pos_true_x: 2.5
  pos_true_y: 1.5
P2:
  pos_get__x: 1.7043018162413945
  pos_get__y: 0.98950443388144
  pos_true_x: 0.5
  pos_true_y: 1.5
P3:
  pos_get__x: 1.7042967019706226
  pos_get__y: 0.989512972414091
  pos_true_x: 0.5
  pos_true_y: 0.5
P4:
  pos_get__x: 1.7042959334589212
  pos_get__y: 0.9895176353178998
  pos_true_x: 2.5
  pos_true_y: 0.5
Yellow:
  LH0_W: 0.026197466998955574
  LH0_X: -0.049473829603339306
  LH0_Y: 0.7016995535941318
  LH0_Z: 0.7102702087184951
  LH0_x: 2.391710593817054
  LH0_y: 0.0620530078555841
  LH0_z: -1.8944647644870414
num_LH: 1
