Blue:
  LH0_W: -0.0024642637844922858
  LH0_X: 0.8223575545575791
  LH0_Y: -0.5689076213334808
  LH0_Z: -0.008130083318125569
  LH0_x: 0.36088259270948536
  LH0_y: 1.6010893006651004
  LH0_z: 0.02525979190394515
  LH1_W: -0.35155151402884605
  LH1_X: 0.34910077516531224
  LH1_Y: 0.6099998068277976
  LH1_Z: 0.6184176723162541
  LH1_x: 0.03230733190977454
  LH1_y: -0.09482471295935119
  LH1_z: -2.2669487803746486
Yellow:
  LH0_W: -0.008130083318125569
  LH0_X: 0.5689076213334808
  LH0_Y: 0.8223575545575791
  LH0_Z: 0.0024642637844922858
  LH0_x: -0.4529113461624127
  LH0_y: -1.911215555980133
  LH0_z: -0.01287180971032421
  LH1_W: 0.6184176723162541
  LH1_X: -0.6099998068277976
  LH1_Y: 0.34910077516531224
  LH1_Z: 0.35155151402884605
  LH1_x: 0.22649453900874417
  LH1_y: -0.13879736911984913
  LH1_z: 1.3331009045754478
