Blue:
  LH0_W: -0.3140286662444447
  LH0_X: 0.32949064223973484
  LH0_Y: 0.599457730785302
  LH0_Z: 0.6583861651454401
  LH0_x: -0.24091792939379372
  LH0_y: 0.087374323493802
  LH0_z: -2.3369096871308908
Yellow:
  LH0_W: 0.65838616514544
  LH0_X: -0.5994577307853021
  LH0_Y: 0.3294906422397349
  LH0_Z: 0.3140286662444448
  LH0_x: -0.3807780420071257
  LH0_y: -0.13618987923444828
  LH0_z: 1.2589849437166631
num_LH: 1
