Blue:
  LH0_W: 0.6798514323102801
  LH0_X: -0.6757059191737259
  LH0_Y: 0.10985038603479663
  LH0_Z: 0.26297610816813166
  LH0_x: 0.33137300018526966
  LH0_y: -0.16105979711689233
  LH0_z: 0.9646985058002765
Yellow:
  LH0_W: 0.6666797473617191
  LH0_X: -0.5554721904167957
  LH0_Y: -0.40012028465446603
  LH0_Z: -0.2947753686102532
  LH0_x: -1.3801692963648087
  LH0_y: -0.35299373167637504
  LH0_z: -1.669548318604111
num_LH: 1
semiheight: 0.092
semiwidth: 0.052
