Blue:
  LH1_W: 0.29924684406257723
  LH1_X: -0.2750780310869637
  LH1_Y: 0.6468199260393188
  LH1_Z: 0.6452963554913332
  LH1_x: 1.7579910154724818
  LH1_y: -0.09468865872078672
  LH1_z: 0.05569569813978764
Yellow:
  LH1_W: 0.6452963554913332
  LH1_X: -0.6468199260393188
  LH1_Y: -0.27507803108696377
  LH1_Z: -0.29924684406257723
  LH1_x: -1.734824801673264
  LH1_y: 0.02807177974982089
  LH1_z: -0.8304011037069452
