Blue:
  LH0_W: 0.7149850020345555
  LH0_X: -0.6117667436203594
  LH0_Y: 0.21948980567183832
  LH0_Z: 0.2576084693326811
  LH0_x: 0.04849202140502318
  LH0_y: -0.5750422856426421
  LH0_z: -0.10462717329049442
P1:
  pos_get__x: 2.481542680052483
  pos_get__y: 1.5344791580916002
  pos_true_x: 2.5
  pos_true_y: 1.5
P2:
  pos_get__x: 0.47206868958997006
  pos_get__y: 1.4533323000758374
  pos_true_x: 0.5
  pos_true_y: 1.5
P3:
  pos_get__x: 0.5328288465429765
  pos_get__y: 0.45553637943438474
  pos_true_x: 0.5
  pos_true_y: 0.5
P4:
  pos_get__x: 2.3800212647666332
  pos_get__y: 0.5014561499600028
  pos_true_x: 2.5
  pos_true_y: 0.5
Yellow:
  LH0_W: 0.6877274389415373
  LH0_X: -0.5877871429102426
  LH0_Y: -0.2773816829264936
  LH0_Z: -0.32341404782908617
  LH0_x: -2.065014871381838
  LH0_y: -0.21603904457933865
  LH0_z: -2.4089008738409463
num_LH: 1
