Blue:
  LH0_W: 0.6749797959199444
  LH0_X: -0.5613963713517026
  LH0_Y: -0.31440019914517453
  LH0_Z: -0.3610940377664607
  LH0_x: -1.4268117901873172
  LH0_y: 0.04060210528128113
  LH0_z: -2.537627452364669
  LH1_W: -0.005528485243502579
  LH1_X: -0.008340962831735629
  LH1_Y: 0.6525814651021989
  LH1_Z: 0.7576524899946014
  LH1_x: 1.5636639336256841
  LH1_y: -0.018929742253922188
  LH1_z: -2.1110842263996688
  LH2_W: 0.6696929295017684
  LH2_X: -0.5818471300605674
  LH2_Y: 0.292116992092786
  LH2_Z: 0.357257554638504
  LH2_x: -0.01893434932400176
  LH2_y: -0.3590976762132524
  LH2_z: -0.05133436347837694
Green:
  LH0_W: 0.3610940377664607
  LH0_X: -0.3144001991451746
  LH0_Y: 0.5613963713517025
  LH0_Z: 0.6749797959199446
  LH0_x: 1.8787071173020848
  LH0_y: -0.14498534803106194
  LH0_z: -1.1096561468395527
  LH1_W: 0.7576524899946013
  LH1_X: -0.6525814651021992
  LH1_Y: -0.008340962831735627
  LH1_Z: 0.00552848524350258
  LH1_x: -1.4407532000518628
  LH1_y: -0.3731481814122529
  LH1_z: -0.14945047255441457
  LH2_W: -0.3572575546385039
  LH2_X: 0.2921169920927861
  LH2_Y: 0.5818471300605675
  LH2_Z: 0.6696929295017683
  LH2_x: 0.06639269880783165
  LH2_y: 0.19189870053104416
  LH2_z: -3.6135137929389085
P1:
  pos_get__x: 2.523154787545275
  pos_get__y: 1.447089747224176
  pos_true_x: 2.5
  pos_true_y: 1.5
P2:
  pos_get__x: 0.5235842611473749
  pos_get__y: 1.5406422633076031
  pos_true_x: 0.5
  pos_true_y: 1.5
P3:
  pos_get__x: 0.4904199524402263
  pos_get__y: 0.5321317900332877
  pos_true_x: 0.5
  pos_true_y: 0.5
P4:
  pos_get__x: 2.4796176469258198
  pos_get__y: 0.4573104520286593
  pos_true_x: 2.5
  pos_true_y: 0.5
