Blue:
  LH0_W: 0.005477582933573075
  LH0_X: 0.9968706464213227
  LH0_Y: 0.07884653151390326
  LH0_Z: 0.0014611149739984569
  LH0_x: -1.6415633530572245
  LH0_y: 0.7351376252191759
  LH0_z: -0.007163837770983505
  LH1_W: 0.12201549046781987
  LH1_X: -0.1386199308756256
  LH1_Y: 0.6832594830235998
  LH1_Z: 0.7064369849521309
  LH1_x: 1.8995389696422067
  LH1_y: -0.05152926003681346
  LH1_z: -1.010015977520877
Yellow:
  LH0_W: 0.001461114973998457
  LH0_X: -0.07884653151390326
  LH0_Y: 0.9968706464213227
  LH0_Z: -0.005477582933573075
  LH0_x: 1.6354903424499283
  LH0_y: -0.7682284796938186
  LH0_z: 0.021286669459059666
  LH1_W: 0.7064369849521308
  LH1_X: -0.6832594830236
  LH1_Y: -0.13861993087562557
  LH1_Z: -0.12201549046781987
  LH1_x: -1.6194799894989553
  LH1_y: -0.17570681843352476
  LH1_z: -0.2347189381897019
num_LH: 2
