Blue:
  LH0_W: 0.6347744572787449
  LH0_X: -0.6610932724460375
  LH0_Y: 0.2732544049679898
  LH0_Z: 0.2921456891324153
  LH0_x: -0.21039632846570158
  LH0_y: 0.02327157941817075
  LH0_z: 1.5451116109657772
Yellow:
  LH0_W: 0.6554315211457589
  LH0_X: -0.6606835786853597
  LH0_Y: -0.2742434932014381
  LH0_Z: -0.2422751253858629
  LH0_x: -2.6103058934056715
  LH0_y: -0.11892062850994588
  LH0_z: -0.48606722313873596
num_LH: 1
