Blue:
  LH0_W: 0.8092013526768607
  LH0_X: 0.012571374782548567
  LH0_Y: 0.5144027454243366
  LH0_Z: -0.2835929245625159
  LH0_x: -0.666027176161178
  LH0_y: -0.2681341301685338
  LH0_z: 0.7999322464891121
Yellow:
  LH0_W: -0.37166128376845514
  LH0_X: 0.3548483651929481
  LH0_Y: -0.3726269739081034
  LH0_Z: 0.7727222438778151
  LH0_x: 0.7729998609017723
  LH0_y: 2.433388956012098
  LH0_z: 0.06750736881569985
num_LH: 1
semiheight: 0.092
semiwidth: 0.052
